GATE_MH_LF: 1741,2371,48,35
GATE_PC_MH: 813,1735,48,35
MH_L01: 694,1513,156,190
MH_A01: 882,1522,48,35
MH_H01: 951,1494,149,115
MH_S01: 1121,1483,100,75
MH_G01: 1239,1488,200,75
MH_C06: 1411,2691,152,35
MH_E01: 1455,1517,48,193
MH_E02: 1453,1728,48,192
MH_F01: 1482,1928,250,112
MH_C02: 1746,2021,48,115
MH_C03: 1589,2148,152,35
MH_E03: 1477,2151,100,115
MH_E04: 1527,2278,201,128
MH_S03: 1595,3050,48,115
MH_H03: 1666,2970,198,111
MH_B03: 1813,2913,99,54
MH_C04: 1922,2923,152,43
MH_A05: 1607,2942,48,42
MH_B04: 1540,2910,48,75
MH_B01: 1236,1408,48,75
MH_A02: 1145,1432,48,38
MH_D03: 1132,1345,99,75
MH_D04: 1074,1263,174,73
MH_C05: 916,1254,150,35
MH_F04: 744,1250,151,75
MH_A04: 1191,1218,54,35
MH_D01: 1020,1405,98,75
MH_B02: 958,1407,48,75
MH_F03: 911,1296,150,96
MH_A06: 851,1333,48,35
MH_B05: 740,1336,99,38
MH_C01: 804,1451,149,35
MH_H02: 578,1409,212,75
MH_F02: 437,1265,100,193
MH_A03: 359,1271,48,38
MH_D05: 184,1237,152,75
MH_C07: 10,1275,150,35
MH_S02: 618,2573,61,76
MH_D02: 574,2457,100,114
