GATE_PC_SU: 1928,4034,48,35
GATE_PC_SI: 1879,4965,48,35
PC_A01: 1853,4036,48,35
PC_C01: 1853,4085,48,121
PC_C02: 1850,4222,48,121
PC_A02: 1849,4356,48,35
PC_C03: 1681,4355,152,35
PC_F01: 1562,4328,100,121
PC_C17: 1411,4310,99,75
PC_F11: 1235,4263,150,74
PC_B10: 1159,4210,48,75
PC_L01: 1093,3990,156,190
PC_A14: 1270,3994,48,35
PC_D11: 1325,3890,98,75
PC_C18: 1105,3930,149,35
PC_C04: 1684,4413,152,35
PC_C05: 1847,4414,48,121
PC_A03: 1495,4417,48,35
PC_F05: 1444,4467,152,78
PC_Mistake: 946,4392,609,37
PC_B01: 1502,4560,48,78
PC_A07: 1489,4658,48,35
PC_D03: 1425,4696,100,78
PC_C11: 1257,4678,152,35
PC_C13: 1259,4719,48,111
PC_S04: 1315,4794,48,35
PC_C12: 1251,4549,48,111
PC_F04: 1406,4776,100,121
PC_C14: 1237,4838,150,35
PC_F06: 1127,4830,99,111
PC_D05: 1533,4776,100,86
PC_A09: 1348,4898,48,35
PC_B07: 1245,4895,99,35
PC_D04: 1652,4724,100,78
PC_A08: 1541,4708,48,36
PC_S03: 1595,4706,48,35
PC_C09: 1614,4509,48,121
PC_C06: 1601,4645,152,35
PC_A06: 1543,4646,48,35
PC_A05: 1762,4634,46,35
PC_C07: 1679,4498,152,35
PC_C08: 1844,4550,48,121
PC_F02: 1789,4680,100,121
PC_D01: 1727,4808,100,78
PC_F03: 1631,4913,152,78
PC_B04: 1799,4964,48,78
PC_B06: 1861,8890,100,35
PC_C10: 1870,5012,48,121
PC_B05: 1793,5053,48,78
PC_B02: 1564,4948,48,78
PC_B03: 1563,5047,48,78
PC_H01: 1508,5142,412,35
PC_A13: 1449,5165,48,35
PC_S09: 1384,5162,48,35
PC_D07: 1513,5189,50,149
PC_F07: 1504,5355,150,73
PC_F08: 1433,5453,150,73
PC_K01: 1480,5548,150,149
PC_D08: 1475,5707,48,149
PC_A10: 1438,5882,48,35
PC_I01: 1309,5759,150,109
PC_S06: 1244,5761,48,35
PC_C15: 1148,5862,150,35
PC_C16: 1153,5916,150,35
PC_E01: 1268,5972,150,111
PC_B09: 1383,5925,99,35
PC_E02: 1464,5975,48,187
PC_N01: 1070,6177,405,73
PC_A11: 1010,6242,48,35
PC_F09: 1063,6286,99,111
PC_E03: 833,6409,252,35
PC_E04: 558,6405,252,35
PC_I02: 425,6455,150,111
PC_A12: 359,6535,48,35
PC_D09: 290,6543,48,156
PC_G01: 127,6725,201,187
PC_D02: 22,6733,99,73
PC_D10: 55,6814,48,149
PC_H02: 10,6976,99,149
PC_E06: 65,7136,48,187
PC_F10: 29,7347,99,114
PC_G02: 49,7479,48,271
PC_E05: 346,6608,252,35
PC_S08: 449,6570,48,35
PC_S07: 954,6243,48,35
PC_S05: 1374,5456,48,35
PC_D06: 1406,4900,204,35
PC_A04: 1801,4919,48,34
PC_S01: 1915,4355,48,35
PC_S02: 1865,4919,48,35
