PC_B07
99*35
5.1504*8.5717|0|0
-220,-30|805,-41
Border: Solid




0

1|1|1|1|1|1|1|1|1|1|1|1|1|1|1|1|1|1|1|1|1|1|1|1|1|1|1,4,3|1|1|1|1|1|1|1|1|1|1|1|1|1|1|1|1|1|1|1|1|1|1|1|1|1|1|1|1|1|1|1|1|1|1|1,3|1|1|1|1|1|1|1|1|1|1|1|1|1|1|1|1|1|1|1|1|1|1|1|1|1|1|1|1|1|1|1|1|1|1|1,3|1|1|1|1|1|1|1|1|1|1|1|1|1|1|1|1|1|1|1|1|1|1|1|1|1|1|1|1|1|1|1|1|1|1|1,3|1|1|1|1|1|1|1|1|1|1|1|1|1|1|1|1|1|1|1|1|1|1|1|1|1|1|1|1|1|1|1|1|1|1|1,3|1|1|1|1|1|1|1|0,6|1|1|1|1|1|1|1|1|1|1|1|1|1|1|1|1|1|1|1|1|1|1|1|1|1|1|1,3|1|1|1|1|1|1|1|0,6|1|1|1|1|1|1|1|1|1|1|1|1|1|1|1|1|1|1|1|1|1|1|1|1|1|1|1,3|1|1|1|1|1|1|0,6|0,6|1|1|1|1|1|1|1|1|1|1|1|1|1|1|1|1|1|1|1|1|1|1|1|1|1|1|4,3,6|1|1|1|1|1|0,6|0,6|0,6|1|1|1|1|1|1|1|1|1|1|1|1|1|1|1|1|1|1|1|1|1|1|1|1|1|1|0,2,6|1|1|1|1|1|0,6|0,6|0,6|1|1|1|1|1|1|1|1|1|1|1|1|1|1|1|1|1|1|1|1|1|1|1|1|1|0,6|0,2,6|0,6|0,6|0,6|0,6|0,6|0,6|0,6|0,6|1|1|1|1|1|1|1|1|0,6|0,6|0,6|1|1|0,1,6|1|0,1,6|1|1|1|1|1|1|0,1,6|0,1,6|0,1,6|0,6|0,2|0,6|0,6|0,6|0|0,6|0,6|0,6|0|1|1|1|1|1|1|1|1|0,6|0,6|0,6|0,6|1|0,6|1|0,6|0,6|1|1|0,6|0,6|0,6|0,6|0,6|0,6|0,6|0,6|0,6|0,6|0,6|0,6|0|0,6|0|0|1|1|1|1|1|1|1|1|0,6|0,6|0,6|1|0,6|0,6|1|1|1|0|0,6|0|0,6|0,6|0,6|0,6|0,6|0|0,6|0|0|0|0|0|0|0|0|1|1|1|1|1|1|1|0,6|0,6|0,6|0,6|1|0,1,6|0,1,6|1|1|1|1|1|1|0,1|0,1|0,1,6|0,1,6|0,6|0|0,6|0,6|0,6|0,6|0|0|0,6|0,6|0,6|1|1|1|1|1|1|1|0,6|0,6|0,6|0,6|0,6|0,6|0,6|0,6|0|0|0|0|0|0,6|0|0|0|0|0|0|0|0|0,6|0,6|0|0|0|0,6|1|1|1|1|1|1|1|0,6|0,6|0,6|0,6|0,6|0|0|0|0|0,6|0,6|0|0|0,6|0|0|0,6|0|0|0|0|0,6|0,6|0,6|0|0|0|0|1|1|1|1|1|1|1|0,6|0,6|0,6|0,6|0,6|0|0,6|0,2,6|0,6|0,6|0,6|0,6|0|0,6|0,6|0|0,6|0|0|0|0,6|0,6|0|0|0|0|0|0|0,6|1|1|1|1|1|1|0,6|0,6|0,6|0,6|0,6|0|0,6|1|0|0|0|0,6|0|0|0|0|0,6|0|0|0|0|0|0|0|0|0|0|0|0,6|0,6|0,6|1|1|1|1|1|0,6|0,6|0,6|0,6|0|0,6|1|0|0,6|0,6|0,6|0|0|0,6|0|0|0|0|0|0|0|0|0|0|0|0|0|0,6|0,6|0,6|0,6|0,6|1|1|1|0,6|0,6|0,6|0,6|0,6|0,6|0,2,6|0,6|0|0|0|0|0|0,6|0|0|0|0|0|0|0|0|0|0|0|0|0|0,6|0|0,6|0|0,6|0,6|0,6|1|0,6|0,6|0,6|0,6|1|1|1|0,1,6|0,1,6|1|1|1|0,1,6|0,6|0|0|0,6|0|0|0|0|0|0|0|0|0|0|0,6|0,6|0,6|0,6|0|0,6|0,6|1|0,6|0,6|0,6|0,6|0,6|1|1|1|0,6|0,6|0,6|0,6|0,6|0,6|0,6|0,6|0,6|0|0|0|0|0|0|0|0|0|0|0|0,1|0,1|1|1|1|0,1,6|0,1,6|1|0,6|0,6|0,6|0,6|0,6|1|1|1|1|1|1|1|0,1|0,1,6|1|0,1|1|1|1|1|0|1|0,1|0|0|0|0|0|0|0|0,6|1|0,6|0,6|1|1|0,6|0,6|0,6|1|1|1|1|1|1|1|1|1|0,6|1|0|1|1|1|1|1|1|0|0|0|0,6|0|0|0|0|1|1|1|1|1|1|1|0,6|0,6|1|1|1|1|1|1|1|1|1|1|1|1|0|0|1|0|0|0|0|0|0,6|0,6|0|0|0,1|0,1|1|1|1|0,1,6|1|1|1|1|1|1|1|1|1|1|1|1|1|1|1|1|1|0,1|1|0,1|0,1|0|0,6|0|0,6|0,6|0|0|0|0|0,6|0,6|0,6|0,6|0,6|0|0|0,6|0,6|0,6|1|1|1|1|1|1|1|1|1|0,6|0|0,6|0,6|0,6|0|0|0|0,6|0|0,6|0,6|0|0|0|0|0,2|0|0|0|0|0|0|0|0|0,6|0,6|1|1|1|1|1|1|1|0,6|0,6|0,6|0|0|0|0|0|0|0,6|0,6|0|0,6|0,6|0,2|0|0|0,2|0|0|0|0|0|0|0|0|0|0,6|0,6|0,6|1|1|1|1|1|0,6|0,6|0,6|0|0|0|0|0|0|0|0,6|0,6|0,6|0,6|1|1|1|1|0,6|0|0|0|0,6|0,6|0,6|0,6|0|0,6|0|0,6|0,6|1|1|1|0,6|0,6|0,6|0|0|0|0|0|0|0|0,6|0,6|0,6|0,6|0,6|1|1|1|1|0,6|0|0|0|0,6|0|0|0|0|0,6|0|0,6|0,6|0,6|0,6|0,6|0,6|0|0|0,6|0,1,6|1|1|1|0,1|0,1,6|1|1|1|1|1|0,2,6|0|0|1|0|0|0|0|0|0|0|0|0|0,6|0,6|0,6|0|0|0|0|0|0|0|0|1|1|1|0|0|1|1|1|1|1|1|1|0,6|0|1|0|0|0,1|1|1|0,1,6|0,1|1|1|0,1,6|1|0,6|0|0|0|0,6|0,6|0|0|0|0|0|1|1|0|0,6|1|1|1|1|1|1|1|0,6|0,2,6|0,6|0|0|0|1|1|1|1|0,6|1|0,6|0,6|0|0,6|0,6|0,6|0,6|0|0,1|1|1|1|1|1|1|1|1|1|1|1|1|1|1|1|1|0,6|0|0,6|1|1|0|0,6|1|1|0,6|0,6|0,6|0|0|0|0|0|0|0|0|0|0|0|0|0|0|0,6|1|1|1|1|1|0,6|0,6|0,2,6|0,6|0,1|0,1,6|1|1|0,1,6|1|1|0,6|0,6|0,6|0,6|0,6|0,6|0|0|0|0|0|0|0|0|0|0,6|0,6|0,6|0,6|1|1|1|1|1|1|0,6|0,2,6|0,6|0|0|0,6|0,6|0,6|1|0,6|0,6|0,6|0,6|0,6|1|0,6|0|0|0|0,6|0,1|1|1|1|0,1,6|0,1,6|1|1|1|1|1|1|1|1|1|1|1|0,6|0,6|0,6|0,6|0,6|1|1|0,6|0,6|0,6|0,6|1|0,6|0,6|0|0,6|0|0|0|0,6|0,6|0,6|0,6|1|1|1|1|1|1|1|1|1|1|1|1|1|0,6|0,6|0,6|1|1|0,6|0,6|0,6|0,6|0,6|0,6|0,6|0|0|0,6|0|0|0,6|0,6|0,6|0,6|1|1|1|1|1|1|1|1|1|1|1|1|1|1|1|1|1|1|0,6|0,6|0,6|0,6|0,6|0,6|0|0,6|0,6|0|0,6|0,6|0,6|0|0,6|0,6|0,6|1|1|1|1|1|1|1|1|1|1|1|1|1|1|1|1|1|1|1|0,6|0,6|0,6|1|0,6|0,6|0,6|0,6|0|0|0|0|0|0|0,6|1|1|1|1|1|1|1|1|1|1|1|1|1|1|1|1|1|1|1|1|1|1|1|1|1|1|1|1|1|0,1|0,1|0|0|0|0,6|1|1|1|1|1|1|1|1|1|1|1|1|1|1|1|1|1|1|1|1|1|1|1|1|0,6|1|0,6|0|1|0,6|0|0|0|0,6|0,6|1|1|1|1|1|1|1|1|1|1|1|1|1|1|1|1|1|1|1|1|1|1|1|0,6|0,6|0|1|1|1|0,6|0|0,6|0|0,6|0,6|1|1|1|1|1|1|1|1|1|1|1|1|1|1|1|1|1|1|1|1|1|1|0,1,6|0,1,6|0,1,6|1|1|0,1,6|0,1,6|0,1,6|0|0,6|0,6|0,6|1|1|1|1|1|1|1|1|1|1|1|1|1|1|1|1|1|1|1|1|1|1|1|0,6|0|0,6|0,6|0|0,6|0,6|0,6|0,6|0,6|0,6|1|1|1|1|1|1|1|1|1|1|1|1|1|1|1|1|1|1|1|1|1|1|1|0,6|0,6|0|0|0,6|0|0,6|0,6|0,6|0,6|0,6|1|1|1|1|1|1|1|1|1|1|1|1|1|1|1|1|1|1|1|1|1|1|1|1|1|0,1,6|1|1|1|0,1,6|0,6|0,6|0,6|0,6|0,6|0,6|1|1|1|1|1|1|1|1|1|1|1|1|1|1|1|1|1|1|1|1|1|1|0,6|0,6|0,6|1|1|1|0|0,6|0,6|0|0|0,6|0,6|0,6|1|1|1|1|1|1|1|1|1|1|1|1|1|1|1|1|1|1|1|1|1|1|0,6|0,6|0,6|1|1|0|0,6|0,6|0|0|0,6|0|0,6|0,6|1|1|1|1|1|1|1|1|1|1|1|1|1|1|1|1|1|1|1|1|1|0,1,6|1|0,1,6|1|1|1|0,1|0,6|0|0|0|0|0|0,6|1|1|1|1|1|1|1|1|1|1|1|1|1|1|1|1|1|1|1|1|1|1|0,6|0|0|0|0|0|0|0|0|0|0|0|0,6|0,6|1|1|1|1|1|1|1|1|1|1|1|1|1|1|1|1|1|1|1|1|1|0,6|0,6|0|0,6|0,6|0,6|0,6|0|1|1|1|1|1|1|1|1|1|1|1|1|1|1|1|1|1|1|1|1|1|1|1|1|1|1|1|0,6|0,6|0|0,6|0,6|0,6|0,6|0|0|0|1|1|0|1|1|1|1|1|1|1|1|0,1,6|1|1|1|1|1|1|1|1|1|1|1|1|1|0,6|0,6|0,6|0,6|0|0,6|0,6|0|0|0|0|1|0|0|1|1|1|1|1|1|0,6|0,6|0|0,6|0,6|1|1|1|1|1|1|1|1|1|1|1|1|1|1|1|0,1,6|0|0|1|1|1|1|1|0,1|0,1,6|1|1|1|1|1|0,6|0,6|0|0|0,6|0,6|0,6|1|1|1|1|1|1|1|1|1|1|1|0|0,6|0,6|0|0,6|0,6|0,6|0,6|0|0|0,6|0,6|1|1|1|1|1|1|0,1,6|0,1,6|0,1|0,1|1|1|1|1|1|1|1|1|1|1|1|1|0|0|0,6|0|0|0,6|0,6|0|0|0|0,6|0,6|0,6|1|1|0,6|0,6|0,6|0,6|1|0,6|0|0|1|1|1|1|1|1|1|1|1|1|1|1|1|1|0,1|0,1|0|0|0|0|0|0,6|0,6|0,6|0,6|1|1|0,6|0,6|0,6|0,6|0,6|0,6|1|0|0|1|1|1|1|1|0,6|0,6|0,6|0,6|0,6|0,6|0,6|0,6|0,6|0,6|0|0,6|0,6|0,6|0|0|0,6|0,6|0,6|0,6|1|1|0,6|0,6|0,6|0|0,6|1|1|1|1|1|1|1|1|0,6|0,6|0,6|0,6|0,6|0,6|0|0|0,6|0,6|0|0|0,6|0,6|0|0|0|0|0|0,6|0,6|1|1|0,6|0,6|0,6|0,6|0,6|0,6|0,6|0,6|1|1|1|1|0,6|0,6|0,6|0,6|0,6|0,6|0|0|0|0|0|0,6|0,6|0,6|0,6|0,6|0|0,6|0|0,6|0,6|0,6|0,6|0,6|0|0,6|0,6|0|0,6|0,6|0,6|1|1|1|1|0,6|0,6|0,6|0,6|0,6|0,6|0|0|0,6|0|0,6|0,6|0,6|0,6|0,6|0,6|0,6|0,6|0,6|0,6|0|0|0|0|0|0,6|0,6|0|0,6|0,6|0,6|1|1|1|1|0,6|0,6|0,6|0,6|0,6|0,6|0,6|0,6|0|0|0,6|0,6|1|0,6|0,6|0|0,6|0|0,6|0|0|0|0|0|0|0|0,6|0,1,6|0,1,6|1|1|1|1|1|1|0,6|0,6|0,6|0,6|1|1|1|0,1,6|0,1,6|0,1,6|0,1,6|0,1,6|1|0,1,6|0,1|0|0|0|0|0|0|0|0|0|0|0|0|1|0|0|1|1|1|1|1|0,6|0,6|0,6|1|1|1|1|1|1|1|1|0,6|0,6|0,6|0,6|1|0,6|0,6|0|0|0,6|0|0|0|0,6|0,6|0|1|1|0|1|1|1|1|1|0,6|0,6|0,6|1|1|1|1|1|1|1|1|1|1|0,1,6|0,1,6|1|1|1|0,1,6|0,6|0|0,6|0,6|0|0|0|0|1|1|1|1|1|1|1|1|0,6|0,6|0,6|1|1|1|1|1|1|1|1|1|1|1|0,6|0,6|0,6|0,6|0|0|0|0|0|0|0,6|0,6|0|0|0|0,6|0|0,6|0,6|1|1|0,6|0,6|0,6|1|1|1|1|1|1|1|1|1|1|1|1|0,6|0,6|0,6|0,6|0,6|0|0|0|0,6|0,6|0,6|0|0|0,6|0,6|0|0|0,6|0,6|0,6|0,6|0,6|0,6|1|1|1|1|1|1|1|1|1|1|1|1|0,6|0|0|0|0|0|0|0|0|0|0|0|0,6|0,6|0|0,6|0|0,6|0,6|0|0,6|0,6|0,6|0,6|0,6|0,6|0,6|0,6|1|1|1|1|1|1|1|0,6|0,6|0,6|0|0,6|0|0,6|0|0|0|0|0|0,6|0,6|0,6|0,6|0|0,6|0|0,6|0,6|0,6|0|1|1|1|1|1|0,1,6|1|0,1,6|1|1|1|1|1|1|0,1,6|1|1|0,1|0,1,6|0,1|0,1|0,1|0|0|0,6|0|0,6|0,6|0|0,6|0,6|0,6|0|0|0|0|0|1|0,6|1|1|0,6|0,6|1|1|1|1|1|1|0,6|0,6|1|1|0,6|0|0|0|0|0|0,6|0,6|0,6|0,6|0,6|0,6|0,6|0,6|0|0|0|0|0|0|0,6|1|0,6|1|1|1|1|1|1|1|1|1|0,6|0,6|1|1|1|1|0|0|0|0,6|0,6|1|1|1|0,6|0,6|0|0|0|0|1|1|1|1|1|0,1,6|1|1|1|1|1|1|1|1|1|0,1,6|0,1,6|0,1,6|1|1|1|0,1|0|0|0,6|1|1|1|0,6|0,6|0|0|0|0|0|0|0|0|0,6|0,6|0,6|0,6|1|1|0,6|0,6|0,6|1|1|0,6|0,6|0,6|0,6|0,6|0|0|0|0|0|1|1|1|1|0,6|0,6|0,6|0|0|0,6|0,6|0,6|0,6|0|0|0,6|0|0,6|0,6|0,6|0,6|0|0,6|0,6|0,6|0,6|0|0,6|0|0|0|0|0|0|0|1|1|1|0,6|0,6|0,6|0,6|0,6|0|0|0|0,6|0,6|0|0|0,6|0|0,6|0|0|0|0|0|0|0|0|0|0|0,6|0|0,6|0|0,6|0,6|0|1|1|1|0,6|0,6|0,6|0,6|0,6|0,6|0|0|0|0,6|0|0|0|0|0|0,6|0|0|0|0,6|0|0|0|0|0|0,6|0|0,6|0,6|0,6|0|0|1|1|1|0,6|0,6|0,6|0,6|0,6|0,6|0,6|0|0,6|0,6|0|0|0|0|0,6|0,6|0|0|0|0,6|0,6|0|0|0|0|0|0|0,6|0|0|0|0|1|1|1|0,6|0,6|0,6|0,6|0,6|0,6|0|0|0|0|0|0|0|0|0,6|0|0|0|0|0,6|0|0|0|0|0,6|0|0|0|0|0|0,6|0|1|1|1|0,6|0,6|0,6|1|1|0,6|0|0,6|0|0|0|0|0|0|0,6|0|0|0|0|0|0|0|0,2|0,6|0,6|0,2|0|0,6|0|0,6|0,6|0|1|1|1|0,6|0,6|0,6|1|1|1|1|1|0,1|1|1|0,1|0,1|0|0|0|0|0|0|0,6|0|0,6|0,2|0,6|0,6|1|0|0,6|0,6|0,6|0,6|0|1|1|1|0,6|0,6|0,6|1|1|1|0,6|0,6|0|0|1|0|0|0|0|0|0|0|0,6|0,6|0|0,6|0,2|1|1|1|0|0,6|0,6|0,6|0,6|0,6|1|1|1|0,6|0,6|0,6|0,6|1|1|1|0,6|0,6|1|0,6|0,6|0|0|0,6|0,6|0|0,2|0,6|0,6|0,6|0,6|1|1|0,6|0,2|0|0,6|0,6|1|1|0,6|1|1|1|1|0,6|0,6|0,6|0,6|1|1|1|0,1,6|1|1|0,1,6|0,1,6|0|0|0,6|0|1|1|0|0,6|0|1|1|0,6|1|0,6|0,6|1|1|1|1|1|1|1|1|0,6|0,6|0,6|0,6|0,6|1|1|1|0,6|0,6|0,6|0|0|0,6|0,6|0|1|0,6|0|0,6|0,6|0,2,6|1|1|1|1|1|1|1|1|1|1|1|1|1|1|0,6|0,6|0,6|0,6|1|1|1|0,6|0,6|0,6|0|0,6|0,6|0,6|0|0,2|0,6|0,6|0,6|1|1|1|1|1|1|1|1|1|1|1|1|1|1|1|1|1|0,6|0,6|0,6|0,6|1|1|1|0,6|0|0|0|0|0|0|0,2|0,6|0,6|1|1|1|1|1|1|1|1|1|1|1|0,6|1|1|1|1|1|1|1|0,6|0,6|1|1|1|1|0,6|0,6|0|0|0|0,6|0,6|0,2,6|0,6|1|1|1|1|1|1|1|1|1|1|1|0,6|0,6|1|1|1|1|1|1|1|1|1|1|1|1|1|1|0,6|0,6|0,6|0,6|0,6|1|1|1|1|1|1|1|1|1|1|1|1|1|0,1,6|0,1,6|1|1|1|1|1|1|1|1|1|1|1|1|1|1|1|1|1|1|1|0,6|1|1|1|1|1|1|1|1|0,6|0,6|0,6|0,6|0,6|0,6|0,6|0|1|1|1|1|1|1|1|1|1|1|1|1|1|1|1|1|1|1|4,3,6|1|1|1|1|1|1|1|1|1|1|1|1|1|1|1|0,1|1|1|1|1|1|1|1|1|1|1|1|1|1|1|1|1|1|1|1,3|1|1|1|1|1|1|1|0,6|1|0|1|1|1|0,6|0,6|0,6|1|1|1|1|1|1|1|1|1|1|1|1|1|1|1|1|1|1|1,3|1|1|1|1|1|1|1|0,1,6|1|1|1|1|1|0,1,6|0,6|0,6|1|1|1|1|1|1|1|1|1|1|1|1|1|1|1|1|1|1|1,3|1|1|1|1|1|1|1|1|1|0|1|1|0,6|0,6|0,6|0|1|1|1|1|1|1|1|1|1|1|1|1|1|1|1|1|1|1|1,3|1|1|1|1|1|1|1|1|1|0,6|0,6|0,6|0,6|0|0,6|0|1|1|1|1|1|1|1|1|1|1|1|1|1|1|1|1|1|1|1,3|1|1|1|1|1|1|1|1|1|1|1|0,6|0,6|0,6|0,6|0,6|1|1|1|1|1|1|1|1|1|1|1|1|1|1|1|1|1|1|1,4,3|1|1|1|1|1|1|1|1|1|1|1|1|1|1|1|1|
