PC_F09
99*111
5.4464*8.3867|0|0
-220,-30|801,-38|-220,728|800,725|-221,1495|801,1492
Border: Solid




0

1,4,3|1,3|1,3|1,3|1,3|1,3|1,3|1,3|1|1|1|1|1|1|1|1|1|1|1|1|1|1|1|1|1|1|1|1|1|1|1|1|1|1|1|1|1|1|1|1|1|1|1|1|1|1|1|1|1|1|1|1|1|1|1|1|1|1|1|1|1|1|1|1|1|1|1|1|1|1|1|1|1|1|1|1|1|1|1|1|1|1|1|1|1|1|1|1|1|1|1|1|1|1|1|1|1|1|1|1|1|1,4,3|1|1|1|1|1|1|1|1|1|1|1|1|1|1|1|1|1,3|1|1|1|1|1|1|1|1|1|1|1|1|1|1|1|1|1|1|1|1|1|1|1|1|1|1|1|1|1|1|1|1|1|1|1|1|1|1|1|1|1|1|1|1|1|1|1|1|1|1|1|1|1|1|1|1|1|1|1|1|1|1|1|1|1|1|1|1|1|1|1|1|1|1|1|1|1|1|1|1|1|1|1|1|1|1|1|1|1|1|1|1|1|1,3|1|1|1|1|1|1|1|1|1|1|1|1|1|1|1|1|1,3|1|1|1|1|1|1|1|1|1|1|1|1|1|1|1|1|1|1|1|1|1|1|1|1|1|1|1|1|1|1|1|1|1|1|1|1|1|1|1|1|1|1|1|1|1|1|1|1|1|1|1|1|1|1|1|1|1|1|1|1|1|1|1|1|1|1|1|1|1|1|1|1|1|1|1|1|1|1|1|1|1|1|1|1|1|1|1|1|1|1|1|1|1|1,3|1|1|1|1|1|1|1|1|1|1|1|1|1|1|1|1|1,3|1|1|1|1|1|1|1|1|1|1|1|1|1|1|1|1|1|1|1|1|1|1|1|1|1|1|1|1|1|1|1|1|1|1|1|1|1|1|1|1|1|1|1|1|1|1|1|1|1|1|1|1|1|1|1|1|1|1|1|1|1|1|1|1|1|1|1|1|1|1|1|1|1|1|1|1|1|1|1|1|1|1|1|1|1|1|1|1|1|1|1|1|1|1,3|1|1|1|1|1|1|1|1|1|1|1|1|1|1|1|1|1,3|1|1|1|1|1|1|1|1|1|1|1|1|1|1|1|1|1|1|1|1|1|1|1|1|1|1|1|1|1|1|1|1|1|1|1|1|1|1|1|1|1|1|1|1|1|1|1|1|1|1|1|1|1|1|1|1|1|1|1|1|1|1|1|1|1|1|1|1|1|1|1|1|1|1|1|1|1|1|1|1|1|1|1|1|1|1|1|1|1|1|1|1|1|1,3|1|1|1|1|1|1|1|1|1|1|1|1|1|1|1|1|1,3|1|1|1|1|1|1|1|1|1|1|1|1|1|1|1|1|1|1|1|1|1|1|1|1|1|1|1|1|1|1|1|1|1|1|1|1|1|1|1|1|1|1|1|1|1|1|1|1|1|1|1|1|1|1|1|1|1|1|1|1|1|1|1|1|1|1|1|1|1|1|1|1|1|1|1|1|1|1|1|1|1|1|1|1|1|1|1|1|1|1|1|1|1|1,3|1|1|1|1|1|1|1|1|1|1|1|1|1|1|1|1|1,3|1|1|1|1|1|1|1|1|1|1|1|1|1|1|1|1|1|1|1|1|1|1|1|1|1|1|1|1|1|1|1|1|1|1|1|1|1|1|1|1|1|1|1|1|1|1|1|1|1|1|1|1|1|1|1|1|1|1|1|1|1|1|1|1|1|1|1|1|1|1|1|1|1|1|1|1|1|1|1|1|1|1|1|1|1|1|1|1|1|1|1|1|1|1,3|1|1|1|1|1|1|1|1|1|1|1|1|1|1|1|1|1,3|1|1|1|1|1|1|1|1|1|1|1|1|1|1|1|1|1|1|1|1|1|1|1|1|1|1|1|1|1|1|1|1|1|1|1|1|1|1|1|1|1|1|1|1|1|1|1|1|1|1|1|1|1|1|1|1|1|1|1|1|1|1|1|1|1|1|1|1|1|1|1|1|1|1|1|1|1|1|1|1|1|1|1|1|1|1|1|1|1|1|1|1|1|1,3|1|1|1|1|1|1|1|1|0,6|1|1|1|1|1|1|1|1,3|1|1|1|1|1|1|1|1|1|1|1|1|1|1|1|1|1|1|1|1|1|1|1|1|1|1|1|1|1|1|1|1|1|1|1|1|1|1|1|1|1|1|1|1|1|1|1|1|1|1|1|1|1|1|1|1|1|1|1|1|1|1|1|1|1|1|1|1|1|1|1|1|1|1|1|1|1|1|1|1|1|1|1|1|1|1|1|1|1|1|1|1|1|1,3|1|1|1|1|1|1|1|0,6|0,6|1|1|1|1|1|1|1|1,3|1|1|1|1|1|1|1|1|1|1|1|1|1|1|1|1|1|1|1|1|1|1|1|1|1|1|1|1|1|1|1|1|1|1|1|1|1|1|1|1|1|1|1|1|1|1|1|1|1|1|1|1|1|1|1|1|1|1|1|1|1|1|1|1|1|1|1|1|1|1|1|1|1|1|1|1|1|1|1|1|1|1|1|1|1|1|1|1|1|1|1|1|1|4,3,6|1|1|1|1|1|1|0,6|0,6|0,6|1|1|1|1|1|1|1|1,3|1|1|1|1|1|1|1|1|1|1|1|1|1|1|1|1|1|1|1|1|1|1|1|1|1|1|1|1|1|1|1|1|1|1|1|1|1|1|1|1|1|1|1|1|1|1|1|1|1|1|1|1|1|1|1|1|1|1|1|1|1|1|1|1|1|1|1|1|1|1|1|1|1|1|1|1|1|1|1|1|1|1|1|1|1|1|1|1|1|1|1|1|1|0,6|1|0,6|0,6|0,6|0,6|0,6|0,6|0,6|0,6|1|1|1|1|1|1|1|1,3|1|1|1|1|1|1|1|1|1|1|1|1|1|1|1|1|1|1|1|1|1|1|1|1|1|1|1|1|1|1|1|1|1|1|1|1|1|1|1|1|1|1|1|1|1|1|1|1|1|1|1|1|1|1|1|1|1|1|1|1|1|1|1|1|1|1|1|1|1|1|1|1|1|1|1|1|1|1|1|1|1|1|1|1|1|1|1|1|1|1|0,6|0,6|0,6|0,6|0,6|0,6|0,6|0,6|0,6|0,6|0,6|0,6|0,6|1|1|1|1|1|1|1|1,3|1|1|1|1|1|1|1|1|1|1|1|1|1|1|1|1|1|1|1|1|1|1|1|1|1|1|1|1|1|1|1|1|1|1|1|1|1|1|1|1|1|1|1|1|1|1|1|1|1|1|1|1|1|1|1|1|1|1|1|1|1|1|1|1|1|1|1|1|1|1|1|1|1|1|1|1|1|1|1|1|1|1|1|1|1|1|1|1|1|0,6|0,6|0,6|0,6|0,6|0,6|0,6|0,6|0,6|0,6|0,6|0,6|0,6|0,6|1|1|1|1|1|1|1|4,3,6|1|1|1|1|1|1|1|1|1|1|1|1|1|1|1|1|1|1|1|1|1|1|1|1|1|1|1|1|1|1|1|1|1|1|1|1|1|1|1|1|1|1|1|1|1|1|1|1|1|1|1|1|1|1|1|1|1|1|1|1|1|1|1|1|1|1|1|1|1|1|1|1|1|1|1|1|1|1|1|1|1|1|1|1|1|1|1|1|1|0,6|0,6|0,6|0,6|0,6|0,6|0,6|0,6|0,6|0,6|0,6|0,6|0,6|0,6|1|1|1|1|1|1|1|0,6|1|1|1|1|1|1|1|1|1|1|1|1|1|1|1|1|1|1|1|1|1|1|1|1|1|1|1|1|1|1|1|1|1|1|1|1|1|1|1|1|1|1|1|1|1|1|1|1|1|1|1|1|1|1|1|1|1|1|1|1|1|1|1|1|1|1|1|1|1|1|1|1|1|1|1|1|1|1|1|1|1|1|1|1|1|1|1|1|1|1|0,6|0,6|0,6|0,6|0,6|0,6|0,6|0,6|0,6|0|0|0|0|1|1|1|1|1|1|1|0,6|1|1|1|1|1|1|1|1|1|1|1|1|1|1|1|1|1|1|1|1|1|1|1|1|1|1|1|1|1|1|1|1|1|1|1|1|1|1|1|1|1|1|1|1|1|1|1|1|0,6|0,6|0,6|1|1|1|1|1|1|0,6|0,6|0,6|1|1|1|1|1|1|1|1|1|1|1|1|1|1|1|1|1|1|1|1|1|1|1|1|1|1|1|1|1|1|0,6|0|0|0|0|0|0|0|0|0|0|0|0|0,6|0,6|0,6|0,6|0,6|0,6|0,6|0,6|1|1|1|1|1|1|1|1|1|1|1|1|1|1|1|1|1|1|1|1|1|1|1|1|1|1|0,6|0,6|1|1|1|1|1|1|1|1|1|1|0,6|0,6|0,6|1|1|1|1|1|1|1|0,6|0,6|0,6|0,6|0,6|0,6|0,6|0,6|0,6|0,6|1|1|1|1|1|1|1|1|1|1|1|1|1|1|1|1|1|1|1|1|1|1|1|1|1|1|1|1|1|1|1|1|0|0|0|0|0|0|0|0|0|0|0|0|0|0,6|0,6|0,6|0,6|0,6|0,6|0,6|0,6|1|1|1|1|1|1|1|1|1|1|1|1|1|1|1|1|1|1|1|1|1|1|1|1|0,6|0,6|0,6|0,6|0,6|1|1|1|1|1|1|1|0,6|0,6|0,6|0,6|0,6|0,6|0,6|1|1|1|1|1|0,6|0,6|0,6|0,6|0,6|0,6|0,6|1|1|1|1|1|1|1|1|1|1|1|1|1|1|1|1|1|1|1|1|1|1|1|1|1|1|1|1|1|1|1|1|1|1|1|0|0|0|0|0|0|0|0|0|0|0|0|0|0,6|0,6|0,6|0,6|0,6|0,6|0,6|0,6|0,6|1|1|1|1|1|1|1|1|1|1|1|1|0,6|0,6|0,6|0,6|0,6|1|1|1|1|1|0,6|0,6|0,6|0,6|0,6|0,6|0,6|1|1|1|1|0,6|0,6|0,6|0,6|0,6|0,6|0,6|0,6|0,6|0,6|0,6|1|1|1|0,6|0,6|0,6|1|1|1|1|1|1|1|1|1|1|1|1|1|1|1|1|1|1|1|1|1|1|1|1|1|1|1|1|1|1|1|1|1|1|1|1|1|1|1|0|0|0|0|0|0|0|0|0|0|0|0|0|0,6|0,6|0,6|0,6|0,6|0,6|0,6|0,6|0,6|0,6|0,6|0,6|0,6|0,6|0,6|0,6|0,6|0,6|0,6|0,6|0,6|0,6|0,6|0,6|0,6|0,6|0,6|0,6|0,6|0,6|0,6|0,6|0,6|0,6|0,6|0,6|0,6|0,6|0,6|0,6|0,6|0,6|0,6|0,6|0,6|0,6|0,6|0,6|0,6|0,6|0,6|0,6|0,6|1|1|1|1|1|1|1|1|1|1|1|1|1|1|0,6|0,6|0,6|0,6|0,6|0,6|0,6|0,6|0,6|0,6|0,6|0,6|3,6|0,6|0,6|0,6|0,6|0,6|0,6|0,6|0|1|1|1|1|1|1|1|1|1|1|0|0|0|0|0|0|0|0|0|0|0|0|0|0,6|0,6|0,6|0,6|0,6|0,6|0,6|0,6|0,6|0,6|0,6|0,6|0,6|0,6|0,6|0,6|0,6|0,6|0,6|0,6|0,6|0,6|0,6|0,6|0,6|0,6|0,6|0,6|0,6|0,6|0,6|0,6|0,6|0,6|0,6|0,6|0,6|0,6|0,6|0,6|0,6|0,6|0,6|0,6|0,6|0,6|0,6|0,6|0,6|0,6|0,6|0,6|0,6|0,6|0,6|1|1|1|1|1|1|1|1|1|1|0,6|0,6|0,6|0,6|0,6|0,6|0,6|0,6|0,6|1|1|1|1|1|1|1|1|1|1|1|1|1|0|0|1|1|1|1|1|1|1|1|1|0|0|0|0|0|0|0|0|0|0|0|0|0|0,6|0|0|0|0|0|0|0|0|0,6|0,6|0,6|0,6|0,6|0,6|0,6|0,6|0,6|0,6|0,6|0,6|0,6|0,6|0,6|0,6|0,6|0,6|0,6|0,6|0,6|0,6|0,6|0,6|0,6|0,6|0,6|0,6|0,6|0,6|0,6|0,6|0,6|0|0|0|0|0|0|0|0|0|0|0,6|0,6|0,6|0,6|0,6|0,6|0,6|1|1|1|1|0,6|0,6|0,6|0,6|0,6|0,6|0,6|0,6|1|1|1|1|1|1|1|1|1|1|1|1|1|1|1|1|0|0|0|1|1|1|1|1|1|1|1|0|0|0|0|0|0|0|0|0|0|0|0|0|0|0|0|0|0|0|0|0|0|0|0,6|0,6|0,6|0,6|0,6|1|0,6|0,6|0,6|0,6|0,6|0,6|0,6|0,6|0,6|0,6|0,6|0,6|0,6|0,6|1|1|0,6|0,6|0,6|0,6|0,6|0,6|0,6|0,6|0|0|0|0|0|0|0|0|0|0|0|0|0|0,6|0,6|0,6|0,6|0,6|0,6|0,6|0,6|0,6|0,6|0,6|0,6|0,6|0,6|0,6|0,6|1|1|1|1|1|1|1|1|1|1|1|1|1|1|1|1|1|1|1|0|0|0|1|1|1|1|1|1|1|0|0|0|0|0|0|0|0|0|0|0|0|0|0|0|0|0|0|0|0|0,6|0,6|0,6|0,6|0,6|0,6|0,6|0,6|1|1|1|1|1|0,6|1|1|1|1|1|1|1|1|1|1|1|1|1|0,6|0,6|0,6|0,6|0|0|0|0|0|0|0|0|0|0|0|0|0|0|0|0|0,6|0,6|0,6|0,6|0,6|0,6|0,6|0,6|0,6|0,6|0,6|0,6|0,6|1|1|1|1|1|1|1|1|1|1|1|1|1|1|1|1|1|1|1|1|1|0|0|0|1|1|1|1|1|1|1|1|0|0|0|0|0|0|0|0|0|0|0|0|0|0|0|0|0|0|1|1|1|1|1|1|1|1|1|1|1|1|1|1|1|1|1|1|1|1|1|1|1|1|1|1|1|1|1|1|0|0|0|0|0|0|0|0|0|0|0|0|0|0|1|1|1|1|1|1|1|1|1|1|1|1|1|1|1|1|1|1|1|1|1|1|1|1|1|1|1|1|1|1|1|1|1|1|1|1|1|1|1|0|0|0|1|1|1|1|1|1|1|0|0|0|0|0|0|0|0|0|0|0|0|0|0|0|0|0|0|1|1|1|1|1|1|1|1|1|1|1|1|1|1|1|1|1|1|1|1|1|1|1|1|1|1|1|1|1|0|0|0|0|0|0|0|0|0|0|0|0|0|0|1|1|1|1|1|1|1|1|1|1|1|1|1|1|1|1|1|1|1|1|1|1|1|1|1|1|1|1|1|1|1|1|1|1|1|1|1|1|1|1|0|0|0|1|1|1|1|1|1|1|0|0|0|0|0|0|0|0,6|0,6|0,6|0,6|0,6|0|0|0|0|0|1|1|1|1|1|1|1|1|1|1|1|1|1|1|1|1|1|1|1|1|1|1|1|1|1|1|1|1|1|1|0|0|0|0|0|0|0|0|0|0|0|0|1|1|1|1|1|1|1|1|1|1|1|1|1|1|1|1|1|1|1|1|1|1|1|1|1|1|1|1|1|1|1|1|1|1|1|1|1|1|1|1|1|1|1|0|0|1|1|1|1|1|1|1|0|0|0,6|0,6|0,6|0|0|0,6|0,6|0,6|0,6|0,6|0|0|0|0|0|1|1|1|1|1|1|1|1|1|1|1|1|1|1|1|1|1|1|1|1|1|1|1|1|1|1|1|1|1|1|0|0|0|0|0|0|0|0|0|0|0|1|1|1|1|1|1|1|1|1|1|1|1|1|1|1|1|1|1|1|1|1|1|1|1|1|1|1|1|1|1|1|1|1|1|1|1|1|1|1|1|1|1|1|1|0|0|1|1|1|1|1|1|1|0|0|0|0|0|0|0|0,6|0,6|0,6|0,6|0,6|0|0|0|0|0|1|1|1|1|1|1|1|1|1|1|1|1|1|1|1|1|1|1|1|1|1|1|1|1|1|1|1|1|1|1|0|0|0|0|0|0|0|0|0|0|1|1|1|1|1|1|1|1|1|1|1|1|1|1|1|1|1|1|1|1|1|1|1|1|1|1|1|1|1|1|1|1|0|0,6|1|1|1|1|1|1|1|1|1|1|1|1|0|1|1|1|1|1|1|1|0|0|0|0|0|0|0|0,6|0,6|0,6|0,6|0,6|0|0|0|0|0|1|1|1|1|1|1|1|1|1|1|1|1|1|1|1|1|1|1|1|1|1|1|1|1|1|1|1|1|1|0|0|0|0|0|0|0|0|0|0|0|1|1|1|1|1|1|1|1|1|1|1|1|1|1|1|1|1|1|1|1|1|1|1|1|1|1|1|1|1|1|0|0|0|0,6|0,6|1|1|1|1|1|1|1|1|1|1|1|0|1|1|1|1|1|1|1|0|0|0|0|0|0|0|0|0|0|0|0|0|0|0|0|0|1|1|1|1|1|1|1|1|1|1|1|1|1|1|1|1|1|1|1|1|1|1|1|1|1|1|1|1|1|0|0|0|0|0|0|0|0|0|0|0|1|1|1|1|1|1|1|1|1|1|1|1|1|1|1|1|1|1|1|1|1|1|1|1|1|1|1|0|0|0|0|0|0|0|0,6|1|1|1|1|1|1|1|1|1|1|1|0|1|1|1|1|1|1|1|0|0|0|0|0|0|0|0|0|0|0|0|0|0|0|0|0|0|1|1|1|1|1|1|1|1|1|1|1|1|1|1|1|1|1|1|1|1|1|1|1|1|1|1|1|1|1|0|0|0|0|0|0|0|0|0|1|1|1|1|1|1|1|1|1|1|1|1|0|0|0|1|1|1|1|1|1|1|1|1|1|1|0|0|0|0|0|0|0|0|0|0,6|0,6|1|1|1|1|1|1|1|1|1|1|0|1|1|1|1|1|1|1|0|0|0|0|0|0|0|0|0|0|0|0|0|0|0|0|0|0|1|1|1|1|1|1|1|1|1|1|1|1|1|1|1|1|1|1|1|1|1|1|1|1|1|1|1|1|1|0|0|0|0|0|0|0|0|0|1|1|1|1|1|1|0|0|0|0|0|0|0|0|0|0|0|0|0|0|0|0|0|0|0|0|0|0|0|0|0|0|0|0|0|0|0,6|1|1|1|1|1|1|1|1|1|1|0|1|1|1|1|1|1|1|1|0|0|0,6|0,6|0|0|0|0|0|0|0,6|0|0|0|0|0|0|0|1|1|1|1|1|1|1|1|1|1|1|1|1|1|1|1|1|1|1|1|1|1|1|1|1|1|1|1|1|1|0|0|0|0|0|1|0,6|1|1|1|1|0|0|0|0|0|0|0|0|0|0|0|0|0|0|0|0|0|0|0|0|0|0|0|0|0|0|0|0|0|0|0|0|0,6|0,6|1|1|1|1|1|1|1|1|1|0|1|1|1|1|1|1|1|1|0|0|0|0,6|0,6|0|0|0|0|0,6|0,6|0|0|0|0|0|0|0|0|1|1|1|1|1|1|1|1|1|1|1|1|1|1|1|1|1|1|1|1|1|1|1|1|1|1|1|1|1|0|0|0|0|0|1|0,6|1|1|1|0|0|0|0|0|0|0|0|0|0|0|0|0|0|0|0|0|0|0|0|0|0|0|0|0|0|0|0|0|0|0|0|0|0,6|0,6|0,6|1|1|1|1|1|1|1|1|0|0|1|1|1|1|1|1|1|0|0|0,6|0,6|0|0|0|0,6|0,6|0,6|0,6|0|0|1|1|1|1|1|1|1|1|1|1|1|1|1|1|1|1|1|1|1|1|1|1|1|1|1|1|1|1|1|1|1|1|1|1|1|1|1|0|0|0|1|0,6|1|1|1|0|0|0|0|1|1|1|1|0|0|0|0|0|0|0|0|0|0|0|0|0|0|0|0|0|0|0|0|0|0|0|0|0|0|0,6|0,6|1|1|1|1|1|1|1|1|0|0|1|1|1|1|1|1|1|0|0|0|0|0|0|0,6|0,6|0,6|0,6|0,6|0|0|1|1|1|1|1|1|1|1|1|1|1|1|1|1|1|1|1|1|1|1|1|1|1|1|1|1|1|1|1|1|1|1|1|1|1|1|1|1|1|1|1|0,6|1|1|1|1|1|0|0|1|1|1|1|0|0|0|0|0|0|0|0|0|0|0|0|0|0|0|0|0|0|0|0|0|0|0|0|0|0|0|0,6|0,6|1|1|1|1|1|1|1|0|0|1|1|1|1|1|1|1|0|0|0|0|0,6|0,6|0,6|0,6|0,6|0,6|0,6|0|0|1|1|1|1|1|1|1|1|1|1|1|1|1|1|1|1|1|1|1|1|1|1|1|1|1|1|1|1|1|1|1|1|1|1|1|1|1|1|1|1|1|0,6|1|1|1|1|1|0|1|1|1|1|1|0|0|0|0|0|0|0|0|0|0|0|0|0|0|0|0|0|0|0|0|0|0|0|0|0|0|0|0,6|0,6|1|1|1|1|1|1|1|0,6|0,6|1|1|1|1|1|1|1|0,6|0,6|0,6|0,6|0,6|0,6|0,6|0,6|0,6|0,6|0,6|0|0|1|1|1|1|1|1|1|1|1|1|1|1|1|1|1|1|1|1|1|1|1|1|1|1|1|1|1|1|1|1|1|1|1|1|1|1|1|1|1|1|1|0,6|1|1|0,6|0,6|0,6|0,6|1|1|1|1|1|1|1|1|1|1|1|0|0|0|0|0|0|0|0|0|0|0|0|0|0|0|0|0|0|0|0|0|0|1|1|1|1|1|1|1|1|0,6|0,6|1|1|1|1|1|1|0,6|0,6|0,6|0,6|0,6|0,6|0,6|0,6|0,6|0,6|0,6|0,6|0|0|0|0|0|0|0|0|0|0|0|1|1|1|1|1|1|1|1|1|1|1|1|1|1|1|1|1|1|1|1|1|1|1|1|1|1|1|1|1|1|1|1|0,6|1|1|0,6|1|1|0,6|1|1|1|1|1|1|1|1|1|1|1|1|1|0|0|0|0|0|0|0|0|0|0|1|1|1|1|1|1|1|1|0,6|0,6|1|1|1|1|1|1|1|1|0,6|0,6|1|1|1|1|1|1|0,6|0,6|0,6|0,6|0,6|0,6|0,6|0,6|0,6|0,6|0,6|0,6|0|0|0|0|0|0|0|0|0|0|0|0|1|1|1|1|1|1|1|1|1|1|1|1|1|1|1|1|1|1|1|1|1|1|1|1|1|1|1|1|1|1|1|0,6|1|1|0,6|1|1|0,6|1|1|1|1|1|1|1|1|1|1|1|1|1|1|0|0|0|0|0|0|0|0|0|1|1|1|1|1|1|1|1|0,6|0,6|1|1|1|1|1|1|1|1|0,6|0,6|1|1|1|1|1|1|0,6|0,6|0,6|0,6|0,6|0,6|0,6|0,6|0,6|0,6|0,6|0,6|0|0|0|0|0|0|0|0|0|0|0|0|1|1|1|1|1|1|1|1|1|1|1|1|1|1|1|1|1|1|1|1|1|1|0,6|1|1|1|1|1|1|1|1|0,6|0,6|0,6|0,6|1|1|0,6|0,6|0,6|0,6|0,6|0,6|0,6|0,6|0,6|0,6|0,6|0,6|0,6|0,6|0,2,1|0,1|0,1|0,1|0,1|0,1|0|0|0|0|1|1|1|1|1|1|1|1|0,6|0,6|1|1|1|1|1|1|1|0,6|0,6|0,6|1|1|1|1|1|1|0,6|0,6|0,6|0,6|0,6|0,6|0,6|0,6|0,6|0,6|0,6|0,6|0|0|0|0|0|0|0|0|0|0|0|0|0|0|0|0|0|0|0|0|0|0|0|1|1|1|1|1|1|1|1|1|1|1|0,6|1|1|1|1|1|1|1|1|0,6|1|1|0,6|1|1|0,6|1|1|0,6|1|1|1|1|1|0,6|1|1|1|1|1|0|0|0|0|0|0|0|0|0|1|1|1|1|1|1|1|1|0,6|0,6|1|1|1|1|1|1|1|0,6|0,6|0,6|0,6|0,6|1|1|1|0,6|0,6|0,6|0,6|0,6|0,6|0,6|0,6|0,6|0,6|0,6|0,6|0,6|0|0|0|0|0|0|0|0|0|0|0|0|0|0|0|0|0|0|0|0|0|0|0|0|1|1|1|1|1|1|1|1|1|1|0,6|1|1|1|1|1|1|1|1|0,6|1|1|0,6|1|1|1|1|1|0,6|1|1|1|1|1|0,6|1|1|1|1|1|1|0|0|0|0|0|0|0|0|0|0|0|0,6|0,6|0,6|0,6|0,6|0,6|0,6|0,6|0,6|0,6|0,6|0,6|0,6|0,6|0,6|0,6|0,6|0,6|0,6|0,6|1|1|0,6|0,6|0,6|0,6|0,6|0,6|0,6|0,6|0,6|0,6|0,6|0,6|0,6|0|0|0|0|0|0|0|0|0|0|0|0|0|0|0|0|0|0|0|0|0|0|0|0|0|0|1|1|1|1|1|0,6|0,6|0,6|0,6|0,6|0,6|1|1|1|1|1|1|0,6|0,6|0,6|0,6|1|1|1|1|1|0,6|1|1|1|1|1|0,6|0,6|1|1|1|1|1|1|0|0|0|0|0|0|0|0,6|0,6|0,6|0,6|0,6|0,6|0,6|0,6|0,6|0,6|0,6|0,6|0,6|0,6|0,6|0,6|0,6|0,6|0,6|0,6|0,6|0,6|0,6|0,6|0,6|0,6|0,6|0,6|0,6|0,6|0,6|0,6|0,6|0,6|0,6|0|0|0|0|0|0|0|0|0|0|0|0|0|0|0|0|0|0|0|0|0|0|0|0|0|0|0|0|1|1|1|1|1|1|0,6|1|1|0,6|1|1|1|1|1|1|1|1|1|1|1|1|1|1|1|1|1|0,6|1|1|1|1|1|1|0,6|1|1|1|1|1|1|1|0|0|0,6|0,6|0,6|0,6|0,6|0,6|0,6|0,6|0,6|0,6|0,6|0,6|0,6|0,6|0,6|0,6|0,6|0,6|0,6|0,6|0,6|0,6|0,6|0,6|0,6|0,6|0,6|0,6|0,6|0,6|0,6|0,6|0,6|0,6|0,6|0,6|0|0|0|0|0|0|0|0|0|0|0|0|0|0|0|0|0|0|0|0|0|0|0|0|0|0|0|0|0|0|1|1|1|1|1|1|1|0,6|1|1|0,6|1|1|1|1|1|1|1|1|1|1|1|1|1|1|1|1|1|0,6|1|1|1|1|1|1|0,6|1|1|1|1|1|1|1|1|0|0,6|0,6|0,6|0,6|0,6|0,6|0,6|0,6|0,6|0,6|0,6|0|0|0|0|0|0|0|0|0|0|0|0|0,6|0,6|0,6|0,6|0,6|0,6|0,6|0,6|0,6|0,6|0,6|0|0|0|0|0,6|0|0|0|0|0|0|0|0|0|0|0|0|0|0|0|0|0|0|0|0|0|0|0|0|0,6|0,6|0,6|3,6|0,6|0,6|0,6|0,6|0,6|0,6|0,6|0,6|0,6|0,6|1|1|1|1|1|1|1|0,6|0,6|0,6|0,6|0,6|0,6|0,6|0,6|0,6|0,6|0,6|0,6|0,6|0,6|1|1|1|0,6|1|1|1|1|1|1|1|1|0,6|0,6|0,6|0,6|0,6|0,6|0,6|0,6|0,6|0,6|0|0|0|0,6|0,6|0|0|0|0|0|0|0|0|0|0|0|0|0|0,6|0,6|0,6|0,6|0,6|0|0|0|0,6|0,6|0,6|0,6|0|0|0|0|0|0|0|0|0|0|0|0|0|0|0|0|0|0|0,6|0,6|0,6|0,6|0,6|0,6|0,6|0,6|0,6|1|1|1|1|1|1|1|1|1|1|0,6|1|1|1|1|1|1|1|0,6|1|1|0,6|1|1|1|1|1|1|0,6|1|1|0,6|1|1|1|0,6|0,6|0,6|0,6|1|1|1|1|1|0,6|0,6|0,6|0,6|0,6|0,6|0,6|0,6|0|0|0|0|0|0|0,6|0,6|0,6|0,6|0|0|0|0|0|0|0|0|0|0|0|0|0|0|0|0|0|0|0|0|0|0,6|0,6|0|0|0|0|0|0|0|0|0|0|0|0|0|0|0|0|0|0,6|0,6|0,6|0,6|0,6|0,6|0,6|0,6|0,6|0,6|1|1|1|1|1|1|1|1|1|0,6|1|1|1|1|1|1|1|0,6|1|1|0,6|1|1|1|1|1|1|0,6|1|1|0,6|1|1|1|1|1|1|0,6|1|1|1|0,6|0,6|0,6|0,6|0,6|0,6|0,6|0,6|0,6|0|0|0|0|0|0|0|0|0,6|0|0|0|0|0|0|0|0|0|0|0|0|0|0|0|0|0|0|0|0|0|0|0|0|0,6|0,6|0|0|0|0|0|0|0|0|0|0|0|0|0|0|0,6|0,6|0,6|0,6|0,6|0,6|0,6|0,6|0,6|0,6|0,6|0,6|0,6|1|1|1|1|1|1|1|1|0,6|0,6|0,6|0,6|0,6|0,6|0,6|0,6|0,6|1|1|0,6|0,6|0,6|0,6|1|1|1|0,6|1|1|0,6|0,6|0,6|0,6|1|1|1|0,6|1|1|0,6|0,6|0,6|0,6|0,6|0,6|0,6|0,6|0,6|0|0|0|0|0|0|0|0|0|0|0|0|0|0|0|0|0|0|0|0|0|0|0|0|0|0|0|0|0|0|0|0|0|0|0|0|0|0|0|0|0|0|0|0|0|0|0|0|0,6|0,6|0,6|0,6|0,6|0,6|0,6|0,6|0|0|0|0|0,6|0,6|0,6|0,6|1|1|1|1|1|1|1|1|1|1|1|1|0,6|1|1|0,6|1|1|0,6|1|1|0,6|1|1|1|0,6|1|1|1|1|1|0,6|1|1|1|0,6|1|1|0,6|0,6|0,6|0,6|0,6|0,6|0,6|0,6|0|0|0|0,6|0,6|0|0|0|0|0|0|0|0|0|0|0|0|0|0|0|0|0|0|0|0|0|0|0|0|0|0|0|0|0|0|0|0|0|0|0|0|0|0|0|0|0|0|0,6|0,6|0,6|0,6|0,6|0,6|0,6|0|0|0|0|0|0|0|0|0|0,6|0,6|1|1|1|1|1|1|1|1|1|1|1|1|0,6|1|1|0,6|1|1|0,6|1|1|0,6|0,6|0,6|0,6|0,6|1|1|1|1|1|0,6|1|1|1|0,6|1|1|0,6|0,6|0,6|0,6|0,6|0,6|0,6|0|0|0,6|0,6|0,6|0|0|0|0|0|0|0|0|0|0|0|0|0|0|0|0|0|0|0|0|0|0|0|0|0|0|0|0|0|0|0|0|0|0|0|0|0|0|0|0|0|0,6|0,6|0,6|0,6|0,6|0,6|0,6|0,6|0|0|0,6|0,6|0|0|0|0|0|0|0,6|0,6|1|1|1|1|1|1|1|1|1|0,6|0,6|0,6|0,6|1|1|0,6|0,6|0,6|0,6|1|1|1|1|1|1|1|1|1|1|1|1|0,6|1|1|1|0,6|0,2,1,6|0,1,6|0,1,6|0,1,6|0,1,6|0,1,6|0,6|0,6|0,6|0|0|0,6|0|0|0|0|0|0|0|0|0|0|0|0|0|0|0|0|0,6|0|0|0|0|0|0|0|0|0|0|0|0|0|0|0|0|0|0|0|0|0|0|0|0|0|0,6|0,6|0,6|0,6|0,6|0,6|0,6|0|0|1|1|1|1|1|1|1|1|1|1|1|1|1|1|1|1|1|1|1|1|1|0,6|1|1|1|1|1|1|1|1|0,6|1|1|1|1|1|1|1|1|1|1|1|1|0,6|1|1|1|1|1|0,6|0,6|0,6|0,6|0,6|0,6|0,6|0|0|0|0|0|0|0|0|0|0|0|0|0|0|0|0|0|0,6|0,6|0,6|0,6|0,6|0,6|0,6|0,6|0,6|0,6|0,6|0,6|0,6|0,6|0,6|0,6|0|0|0|0|0|0|0|0|0|0|0|0|0,6|0,6|0,6|0,6|0,6|0,6|0|0|0|0|1|1|1|1|1|1|1|1|1|1|1|1|1|1|1|1|1|1|1|1|1|0,6|1|1|1|1|1|1|1|1|0,6|1|1|1|1|1|1|1|0,6|0,6|0,6|0,6|0,6|0,6|1|1|1|1|1|0,6|0,6|0,6|0,6|0,6|0|0|0,6|0,6|0,6|0|0|0|0|0|0|0|0|0|0|0|0,6|0,6|0,6|0,6|0,6|0,6|0,6|0,6|0,6|0,6|0,6|0,6|0,6|0,6|0,6|0,6|0,6|0,6|0,6|0,6|0,6|0,6|0|0|0|0|0|0|0,6|0,6|0,6|0,6|0,6|0,6|0|0|0|0|0|0|0|1|1|1|1|1|1|1|1|1|1|1|1|1|1|1|1|1|1|1|1|1|0,6|0,6|0,6|0,6|0,6|0,6|0,6|0,6|0,6|0,6|1|1|1|1|1|1|1|0,6|1|1|1|1|0,6|1|1|1|1|0,6|0,6|0,6|0,6|0|0|0|0|0,6|0|0|0|0|0|0|0,6|0,6|0,6|0,6|0,6|0,6|0,6|0,6|0,6|0,6|0,6|0,6|0,6|0,6|0,6|0,6|0,6|0,6|0,6|0,6|0,6|0,6|0,6|0,6|0,6|0,6|0,6|0,6|0|0|0|0|0|0|0,6|0,6|0,6|0,6|0,6|0,6|0,6|0,6|0,6|0|0|0|0|0|1|1|1|1|1|1|1|1|1|1|1|1|1|1|1|1|1|1|1|1|1|1|1|1|1|1|1|1|1|1|0,6|1|1|1|1|1|1|1|0,6|1|1|1|1|0,6|1|1|1|1|1|0,6|0,6|0|0|0|0|0|0|0|0|0|0|0,6|0,6|0,6|0,6|0,6|0,6|0,6|0,6|0,6|0,6|0,6|1|1|1|0,6|0,6|0,6|0,6|0,6|0,6|0,6|0,6|0,6|0,6|0,6|0,6|0,6|0,6|0,6|0,6|0,6|0|0|0|0|0|0|0|0|0,6|0,6|0,6|0,6|0,6|0,6|0,6|0,6|0,6|0|0|0|0|0|0|0|0|0|0|0|0,6|1|1|1|1|1|1|1|1|1|1|1|1|1|1|1|1|1|1|1|1|0,6|1|1|1|1|1|1|1|0,6|1|1|1|1|0,6|1|1|1|1|1|0,6|0,6|0|0|0|0|0|0|0|0|0,6|0,6|0,6|0,6|0,6|0,6|0,6|0,6|0,6|0,6|0,6|0,6|1|1|1|1|1|0,6|0,6|0,6|0,6|1|1|1|1|0,6|0,6|0,6|0|0|0|0|0|0|0|0|0|0|0|0|0|0|0|0,6|0,6|0,6|0,6|0,6|0,6|0,6|0,6|0,6|0,6|0|0|0|0,6|0,6|0,6|0,6|0,6|1|1|1|1|1|1|1|1|1|1|1|1|1|1|1|1|1|1|1|1|1|0,6|1|1|1|1|1|1|1|0,6|1|1|1|1|0,6|1|1|1|1|1|1|0|0|0|0|0|0|0|0,6|0,6|0,6|0,6|0,6|0,6|0,6|0,6|0,6|0,6|0,6|0,6|0,6|0,6|1|1|1|1|1|0,6|0,6|0,6|0,6|1|1|1|1|0,6|0,6|0,6|1|1|0|0|0|0|0|0|0|0|0|0|0|0|0|0|0|0|0|0,6|0,6|0,6|0,6|0,6|0,6|0,6|0,6|0,6|0,6|0,6|1|1|1|1|1|1|1|1|1|1|1|1|1|1|1|1|1|1|1|1|1|1|1|1|0,6|1|1|1|1|1|1|1|0,6|1|1|1|1|0,6|1|0,6|1|1|1|1|0|0|0|0|1|1|1|1|1|0,6|0,6|0,6|0,6|0,6|0,6|0,6|0,6|0,6|0,6|0,6|1|1|1|1|1|1|1|0,6|0,6|0,6|1|1|1|1|0,1,6|0,1,6|1|1|1|1|1|0,1|0|0|0|0|0|0|0|0|0|0|0|0|0|0|0|0|0,6|0,6|0,6|0,6|0,6|0,6|0,6|0,6|1|1|1|1|1|1|1|1|1|1|1|1|1|1|1|1|1|1|1|1|1|1|1|1|1|0,6|0,6|0,6|0,6|0,6|0,6|0,6|0,6|0,6|1|1|1|1|0,6|0,6|0,6|1|1|1|1|1|0|0|0|1|1|1|1|1|1|1|1|0,6|0,6|0,6|0,6|0,6|0,6|0,6|0,6|1|1|1|1|1|1|1|0,6|0,6|0,6|1|1|1|1|0,6|0,6|0,6|0,6|0,6|0|0|0|0|0|0,6|0,6|0|0|0|0|0|0|0|0|0|0|0|0|0|0,6|0,6|0,6|0,6|1|1|1|1|1|1|1|1|1|1|1|1|1|1|1|1|1|1|1|1|1|1|1|1|1|1|1|1|0,6|1|1|1|1|1|1|1|1|1|1|1|1|0,6|0,6|0,6|0,6|1|1|1|1|0|0|0|1|1|1|1|1|1|1|1|1|1|1|0,6|0,6|0,6|0,6|1|1|1|1|1|1|1|1|0,6|0,6|1|1|1|1|1|0,6|0,6|0,6|0,6|0,6|0,6|0|0|0|0,6|0,6|0|0|0|0|0|0|0|0|0|0|0|0|0|0|0,6|0,6|0,6|1|1|1|1|1|1|1|1|1|1|1|1|1|1|1|1|1|1|1|1|1|1|1|1|1|1|1|1|1|0,6|1|1|1|1|1|1|1|1|1|1|1|1|1|0,6|0,6|0|0|1|1|1|1|0|1|1|1|1|1|1|1|1|1|1|1|1|1|1|0,6|1|1|1|1|1|1|1|1|1|1|1|1|1|1|1|1|0,6|0,6|0,6|0,6|0,6|0,6|0,6|0,6|0|0|0|0|0|0|0|0|0|0|0|0|0|0|0|0|0|0|0|1|1|1|1|1|1|1|1|1|1|1|1|1|1|1|1|1|1|1|1|1|1|1|1|1|1|1|1|1|1|0,6|1|1|1|1|1|1|1|1|1|1|1|1|1|0,6|0|0|0|1|1|1|1|0|1|1|1|1|1|1|1|1|1|1|1|1|1|1|1|1|1|1|1|1|1|1|1|1|1|1|1|1|1|1|1|0,6|0,6|0,6|0,6|0,6|0,6|0,6|0,6|0,6|0,6|0|0|0|0|0|1|1|1|1|1|1|1|1|1|1|1|1|1|1|1|1|1|1|1|1|1|1|1|1|1|1|1|1|1|1|1|1|1|1|1|1|1|1|1|1|1|1|0,6|1|0,6|1|1|1|1|1|1|1|1|1|1|1|0,6|0|0|0|1|1|1|1|1|1|1|1|1|1|1|1|1|1|1|1|1|1|1|1|1|1|1|1|1|1|1|1|1|1|1|1|1|1|1|0,6|0,6|0,6|1|0,6|0,6|0,6|0,6|0,6|0,6|0,6|0,6|0,6|0|0|0|1|1|1|1|1|1|1|1|1|1|1|1|1|1|1|1|1|1|1|1|1|1|1|1|1|1|1|1|1|1|1|1|1|1|1|1|1|1|1|1|1|0,6|0,6|0,6|0,6|1|1|1|1|1|1|1|0,6|0,6|0,6|0,6|0|0|0|0|0|1|1|1|1|1|1|1|1|1|1|1|1|1|1|1|1|1|1|1|1|1|1|1|1|1|1|1|1|1|1|1|1|1|1|0,1,6|1|1|1|0,1,6|0,1,6|0,1,6|0,6|0,6|0,6|0,6|0,6|0,6|0|0|0|1|1|1|1|1|1|1|1|1|1|1|1|1|1|1|1|1|1|1|1|1|1|1|1|1|1|1|1|1|1|1|1|1|1|1|1|1|1|1|1|0,6|0,6|0,6|0,6|0,6|1|1|1|1|1|1|1|0,6|0,6|0,6|0,6|0|0|0|0|0|1|1|1|1|1|1|1|1|1|1|1|1|1|1|1|1|1|1|1|1|1|1|1|1|1|1|1|1|1|1|1|1|1|1|0,6|0,6|0,6|0,6|0,6|0,6|0,6|0,6|0,6|0,6|0,6|0,6|0,6|0|0|0|1|1|1|1|1|1|1|1|1|1|1|1|1|1|1|1|1|1|1|1|1|1|1|1|1|1|1|1|1|1|1|1|1|1|1|1|1|1|1|1|0,6|0,6|0,6|0,6|0,6|1|1|1|1|1|1|1|0,6|0,6|0,6|0|0|0|0|0|0|0|1|1|1|1|1|1|1|1|1|1|1|1|1|1|1|1|1|1|1|1|1|1|1|1|1|1|1|1|1|1|1|1|1|0,6|0,6|0,6|0,6|0,6|0,6|0,6|0,6|0,6|0,6|0,6|0,6|1|0|0|0|0|0|0|0|0|0|0|0|1|1|1|1|1|1|1|1|1|1|1|1|1|1|1|1|1|1|1|1|1|1|1|1|1|1|1|1|1|1|1|1|0,6|0,6|0,6|0,6|1|1|1|1|1|1|1|1|0,6|0,6|0|0|0|0|0|0|0|0|1|1|1|1|1|1|1|1|1|1|1|1|1|1|1|1|1|1|1|1|1|1|1|1|1|1|1|1|1|1|1|1|1|0,6|0,6|0,6|0,6|0,6|0,6|0,6|0,6|0,6|0,6|0,6|1|1|0|0|0|0|0|0|0|0|0|0|0|1|1|1|1|1|1|1|0|0|0|0|1|1|1|1|1|1|1|1|1|1|1|1|1|1|1|1|1|1|1|1|1|0,6|0,6|0,6|0,6|0,6|0,6|1|1|1|1|1|1|0,6|0|0|0|0|0|0|0|0|0|0|1|1|1|1|1|1|1|1|1|1|1|1|1|1|1|1|1|1|1|1|1|1|1|1|1|1|1|1|1|1|1|1|0,6|0,6|0,6|0,6|0,6|0,6|0,6|0,6|0,6|0,6|1|1|1|0|0|0|0|0|0|0|0|0|0|1|1|1|1|1|1|0|0|0|0|0|0|0|0|1|1|1|1|1|1|1|1|1|1|1|1|1|1|1|1|1|1|0,6|0,6|0,6|0,6|0,6|0,6|0,6|0,6|0,6|0,6|0,6|0,6|0,6|0|0|0|0|0|0|0|0|0|0|0|1|1|1|1|1|1|1|1|1|1|1|1|1|1|1|1|1|1|1|1|1|1|1|1|1|1|1|1|1|1|1|1|0,6|0,6|0,6|0,6|0,6|0,6|1|0,6|0,6|1|1|1|1|0|0|0|0|0|0|0|0|0|0|1|1|1|1|1|0|0|0|0|0|0|0|0|0|0|0|0|1|1|1|1|1|1|1|1|1|1|1|1|1|1|1|0,6|0,6|0,6|0,6|0,6|0,6|0,6|0,6|0,6|0,6|0,6|0,6|0,6|0|0|0|0|0|0|0|0|0|0|0|1|1|1|1|1|1|1|1|1|1|1|1|1|1|1|1|1|1|1|1|1|1|1|1|1|1|1|1|1|1|1|1|0,6|0,6|0,6|0,6|1|1|1|0,6|0,6|1|1|1|1|0|0|0|0|0|0|0|0|0|1|1|1|1|1|1|0|0|0|0|0|0|0|0|0|0|0|0|0|1|1|1|1|1|1|1|1|1|1|1|1|1|1|0,6|0,6|0,6|0,6|0,6|0,6|0,6|0,6|0,6|0,6|0,6|0,6|0,6|0|0|0|0|0|0|0|0|0|0,6|0,6|1|1|1|1|1|1|1|1|1|1|1|1|1|1|1|1|1|1|1|1|1|1|1|1|1|1|1|1|1|1|1|1|0,6|0,6|1|1|1|1|1|0,6|0,6|1|1|1|1|0|0|0|0|0|0|0|0|0|1|1|1|1|1|1|0|0|0|0|0|0|0|0|0|0|0|0|1|1|1|1|1|1|1|1|1|1|1|1|1|1|0|0,6|0,6|0,6|0,6|0,6|0,6|0,6|0,6|0,6|0,6|0,6|0,6|0,6|0,6|0|0|0|0|0|0|0|0|0,6|0,6|1|1|1|1|1|1|1|1|1|1|1|1|1|1|1|1|1|1|1|1|1|1|1|1|1|1|1|1|1|1|1|1|1|1|1|1|1|1|1|1|0,6|0,6|1|1|1|0|0|0|0|0|0|0|0|0|1|1|1|1|1|0|0|0|0|0|0|0|0|0|0|0|0|0|1|1|1|1|1|1|1|1|1|1|1|1|1|1|0|0|0|0|0|0,6|0,6|0,6|0,6|0,6|0,6|0,6|0,6|0,6|0,6|0,6|0|0|0|0|0|0|0,6|0,6|0,6|0,6|1|1|1|1|1|1|1|1|1|1|1|1|1|1|1|1|1|1|1|1|1|1|1|1|1|1|1|1|1|1|1|1|1|1|1|1|1|1|1|0,6|0,6|1|1|1|0|0|0|0|0|0|0|0|0|1|1|1|1|1|0|0|0|0|0|0|0|0|0|0|0|0|1|1|1|1|1|1|1|1|1|1|1|1|1|1|1|0|0|0|0|0|0|0|0|0|0|0,6|0,6|0,6|0,6|0,6|0,6|0,6|0,6|0|0|0|0,6|0,6|0,6|1|1|1|1|1|1|1|1|1|1|1|1|1|1|1|1|1|1|1|1|1|1|1|1|1|1|1|1|1|1|1|1|1|1|1|1|1|1|1|1|0,6|0,6|0,6|0,6|1|1|0|0|0|0|0|0|0|0|0|0|1|1|1|0|0|0|0|0|0|0|0|0|0|0|0|1|1|1|1|1|1|1|1|1|1|1|1|1|1|1|0|0|0|0|0|0|0|0|0|0|0|0|0|0|0,6|0,6|0,6|0,6|0,6|0,6|0,6|0,6|0,6|0,6|0,6|1|1|1|1|1|1|1|1|1|1|1|1|1|1|1|1|1|1|1|1|1|1|1|1|1|1|1|1|1|1|1|1|1|1|1|1|1|1|1|1|0,6|0,6|0,6|1|1|1|0|0|0|0|0|0|0|0|0|0|0|0|0|0|0|0|0|0|0|0|0|0|0|0|0|1|1|1|1|1|1|1|1|1|1|1|1|1|1|1|0|0|0|0|0|0|0|0|0|0|0|0|0|0|0|0,6|0,6|0,6|0,6|0,6|0,6|0,6|0,6|0,6|0,6|1|1|1|1|1|1|1|1|1|1|1|1|1|1|1|1|1|1|1|1|1|1|1|1|1|1|1|1|1|1|1|1|1|1|1|1|1|1|1|0,6|0,6|0,6|0,6|1|1|1|0|0|0|0|0|0|0|0|0|0|0|0|0|0|0|0|0|0|0|0|0|0|0|0|0|1|1|1|1|1|1|1|1|1|1|1|1|1|1|1|0|0|0|0|0|0|0|0|0|0|0|0|0|0|0|0|0|0,6|0,6|0,6|0,6|0,6|0,6|0,6|0,6|0,6|1|1|1|1|1|1|1|1|1|1|1|1|1|1|1|1|1|1|1|1|1|1|1|1|1|1|1|1|1|1|1|1|1|1|1|1|1|1|0,6|0,6|0,6|1|1|1|1|0|0|0|0|0|0|0|0|0|0|0|0|0|0|0|0|0|0|0|0|0|0|0|0|1|1|1|1|1|1|0|1|1|1|1|1|1|1|1|1|0|0|0|0|0|0|0|0|0|0|0|0,6|0,6|0,6|0,6|0|0|0,6|0,6|0,6|0,6|0,6|0,6|0,6|0,6|1|1|1|1|1|1|1|1|1|1|1|1|1|1|1|1|1|1|1|1|1|1|1|1|1|1|1|1|1|1|1|1|1|1|1|1|1|1|1|0,6|0,6|1|1|1|1|1|0|0|0|0|0|0|0|0|0|0|0|0|0|0|0|0|0|0|0|0|0|0|0|0|1|1|1|1|1|1|0|0|0|1|1|1|1|1|1|0|0|0|0|0|0|0|0|0|0|0|0|0|0|0|0,6|0,6|0|0|0,6|0,6|0,6|0,6|0,6|0,6|0,6|1|1|1|1|1|1|1|1|1|1|1|1|1|1|1|1|1|1|1|1|1|1|1|1|1|1|1|1|1|1|1|1|1|1|1|1|1|1|0,6|0,6|1|1|1|1|1|1|0|0|0|0|0|0|0|0|0|0|0|0|0|0|0|0|0|0|0|0|0|0|0|0|1|1|1|1|1|1|0|0|0|1|1|1|1|1|1|0|0|0|0|0|0|0|0|0|0|0|0|0,6|0,6|0,6|0|0|0|0|0|0,6|0,6|0,6|0,6|0,6|0,6|0,6|1|1|1|1|1|1|1|1|1|1|1|1|1|1|1|1|1|1|1|1|1|1|1|0,6|1|1|1|1|1|1|1|1|1|1|1|1|1|0,6|1|1|1|1|1|1|1|0|0|0|0|0|0|0|0|0|0|0|0|0|0|0|0|0|0|0|0|0|0|0|0|1|1|1|1|1|1|0|0|0|1|1|1|1|1|1|0|0|0|0|0|0|0|0|0|0|0|0|0,6|0,6|0,6|0,6|0,6|0,6|0,6|0|0,6|0,6|0,6|0,6|0,6|0,6|0,6|1|1|1|1|1|1|1|1|1|1|1|1|1|1|1|1|1|1|1|1|1|1|0,6|0,6|0,6|1|1|1|1|1|0,6|0,6|1|1|1|1|1|0,6|1|1|1|1|1|1|1|0|0|0|0|0|0|0|0|0|0|0|0|0|0|0|0|0|0|0|0|0|0|0|0|1|1|1|1|1|1|0|0|0|1|1|1|1|1|1|0|0|0|0|0|0|0|0|0|0|0|0|0|0|0|0|0|0|0|0|0|0|0|0|0,6|0,6|0,6|1|1|1|1|1|1|1|1|1|1|1|1|1|1|1|1|1|1|1|1|1|1|0,6|0,6|1|1|1|1|1|0,6|0,6|0,6|0,6|0,6|0,6|1|1|0,6|0,6|1|1|1|1|1|1|0|0|0|0|0|0|0|0|0|0|0|0|0|0|0|0|0|0|0|0|0|0|0|0|1|1|1|1|1|0|0|0|0|1|1|1|1|1|0|0|0|0|0|0|0|0|0|0|0|0|0|0|0|0|0|0|0|0|0|0|0|0|0|0|0,6|0,6|0,6|0,6|0,6|0,6|0,6|0,6|1|1|1|1|1|1|1|1|1|1|1|1|1|1|1|1|0,6|0,6|1|1|1|1|1|0,6|0,6|0,6|0,6|0,6|0,6|0,6|0,6|0,6|0,6|0,6|0,6|0,6|1|1|1|0|0|0|0|0|0|0|0|0|0|0|0|0|0|0|0|0|0|0|0|0|0|0|0|1|1|1|1|1|0|0|0|0|1|1|1|1|1|0|0|0|0|0|0|0|0|0|0|0|0|0|0|0|0|0|0|0|0|0|0|0|0|0|0|0|0|0|0,6|0,6|0,6|0,6|0,6|0,6|0,6|1|1|1|1|1|1|1|1|1|1|1|1|1|0,6|0,6|0,6|1|1|1|1|1|0,1,6|0,1,6|1|0,1,6|0,6|0,6|0,6|0,6|0,6|0,6|0,6|0,6|0,6|0,6|1|1|0|0|0|0|0|0|0|0|0|0|0|0|0|0|0|0|0|0|0|0|0|0|0|0|1|1|1|1|1|0|0|0|1|1|1|1|1|1|0|0|0|0|0|0|0|0|0|0|0|0|0|0|0|0|0|0|0|0|0|0|0|0|0|0|0|0|0|0|0|0,6|0,6|0,6|0,6|0,6|0,6|0,6|1|1|1|1|1|1|1|1|1|1|1|0,6|0,6|0,6|1|1|1|1|1|0,6|0,6|0,6|0,6|0,6|0,6|0,6|0,6|0,6|0,6|0,6|0,6|0,6|0,6|0,6|0,6|0|0|0|0|0|0|0|0|0|0|0|0|0|0|0|0|0|0|0|0|0|0|0|0|1|1|1|1|1|0|0|0|1|1|1|1|1|0|0|0|0|0|0|0|0|0|0|0|0|0|0|0|0|0|0|0|0|0|0|0|0|0|0|0|0|0|0|0|0|0|0|0|0|0|0|0|0|1|1|1|1|1|1|1|1|1|1|0,6|0,6|0,6|1|1|1|1|0,6|0,6|0,6|0,6|0,6|0,6|0,6|0,6|0,6|0,6|0,6|0,6|0,6|0,6|0,6|0,6|0,6|0|0|0|0|0|0|0|0|0|0|0|0|0|0|0|0|0|0|0|0|0|0|0|0|1|1|1|1|1|0|0|0|1|1|1|1|1|0|0|0|0|0|0|0|0|0|0|0|0|0|0|0|0|0|0|0|0|0|0|0|0|0|0|0|0|0|0|0|0|0|0|0|0|0|0|0|0|0|0|0|1|1|1|1|1|1|1|0,6|0,6|0,6|1|1|1|1|0,1,6|1|1|1|0,1,6|0,1,6|0,6|0,6|0,6|0,6|0,6|0,6|0,6|0,6|0,6|0,6|0,6|0|0|0|0|0|0|0|0|0|0|0|0|0|0|0|0|0|0|0|0|0|0|0|0|1|1|1|1|0|0|0|0|1|1|1|1|1|0|0|0|0|0|0|0|0|0|0|0|0|0|0|0|0|0|0|0|0|0|0|0|0|0|0|0|0|0|0|0|0|0|0|0|0|0|0|0|0|0|0|0|0|1|1|1|1|1|0|0,6|0,6|0,6|1|1|1|1|0,6|0|1|0|0|0|0|0|0|0,6|0,6|0,6|0,6|0,6|0,6|0,6|0,6|0|0|0|0|0|0|0|0|0|0|0|0|0|0|0|0|0|0|0|0|0|0|0|0|0|1|1|1|0|0|0|0|1|1|1|1|1|0|0|0|0|0|0|0|0|0|0|0|0|0|0|0|0|0|0|0|0|0|0|0|0|0|0|0|0|0|0|0|0|0|0|0|0|0|0|0|0|0|0|0|0|1|1|1|1|1|0|0|0|0|1|1|1|1|0|0|0|0,6|0|0|0|0|0|0|0|0|0,6|0,6|0,6|0,6|0,6|0|0|0|0|0|0|0|0|0|0|0|0|0|0|0|0|0|0|0|0|0|0|0|0|0|0|0|0|0|0|0|0|1|1|1|1|1|0|0|0|0|0|0|0|0|0|0|0|0|0|0|0|0|0|0|0|0|0|0|0|0|0|0|0|0|0|0|0|0|0|0|0|0|0|0|0|0|0|0|0|0|0|1|1|1|0|0|0|0|0|1|1|1|1|0|0,6|0,6|0,6|0,6|0,6|0|0|0|0|0|0|0|0|0,6|0,6|0,6|0|0|0|0|0|0|0|0|0|0|0|0|0|0|0|0|0|0|0|0|0|0|0|0|0|0|0|0|0|0|0|0|0|0|0|0|1|0|0|0|0|0|0|0|0|0|0|0|0|0|0|0|0|0|0|0|0|0|0|0|0|0|0|0|0|0|0|0|0|0|0|0|0|0|0|0|0|0|0|0|0|0|0|0|0|0|0|0|0|0|0|0|0|0|0|0|0|0|0,6|0,6|0,6|0|0|0|0|0|0|0|0|0,6|0,6|0|0|0|0|0|0|0|0|0|0|0|0|0|0|0|0|0|0|0|0|0|0|0|0|0|0|0|0|0|0|0|0|0|0|0|0|0|0|0|0|0|0|0|0|0|0|0|0|0|0|0|0|0|0|0|0|0|0|0|0|0|0|0|0|0|0|0|0|0|0|0|0|0|0|0|0|0|0|0|0|0|0|0|0|0|0|0|0|0|0|0|0|0|0|0|0|0|0|0,6|0|0|0|0|0|0|0|0|0|0|0|0|0|0|0|0|0|0|0|0|0|0|0|0|0|0|0|0|0|0|0|0|0|0|0|0|0|0|0|0|0|0|0|0|0|0|0|0|0|0|0|0|0|0|0|0|0|0|0|0|0|0|0|0|0|0|0|0|0|0|0|0|0|0|0|0|0|0|0|0|0|0|0|0|0|0|0|0|0|0|0|0|0|0|0|0|0|0|0|0|0|0|0|0|0|0|0|0|0|0|0|0|0|0|0|0|0|0|0|0|0|0|0|0|0|0|0|0|0|0|0|0|0|0|0|0|0|0|0|0|0|0|0|0|0|0|0|0|0|0|0|0|0|0|0|0|0|0|0|0|0|0|0|0|0|0|0|0|0|0|0|0|0|0|0|0|0|0|0|0|0|0|0|0|0|0|0|0|0|0|0|0|0|0|0|0|0|0|0|0|0|0|0|0|0|0|0|0|0|0|0|0|0|0|0|0|0|0|0|0|0|0|0|0|0|0|0,6|0,6|0,6|0,6|0,6|0,6|0,6|0,6|0|0|0|0|0|0|0|0|0|0|0|0|0|0|0|0|0|0|0|0|0|0|0|0|0|0|0|0|0|0|0|0|0|0|0|0|0|0|0|0|0|0|0|0|0|0|0|0|0|0|0|0|0|0|0|0|0|0|0|0|0|0|0|0|0|0|0|0|0|0|0|0|0|0|0|0|0|0|0|0|0|0|0|0|0|0|0|0|0|0|0|0|0|0|0|0|0|0|0|0|0|0|0|0,6|0,6|0,6|0,6|0,6|0,6|0,6|0,6|0|0|0|0|0|0|0|0|0|0|0|0|0|0|0|0|0|0|0|0|0|0|0|0|0|0|0|0|0|0|0|0|0|0|0|0|0|0|0|0|0|0|0|0|0|0|0|0|0|0|0|0|0|0|0|0|0|0|0|0|0|0|0|0|0|0|0|0|0|0|0|0|0|0|0|0|0|0|0|0|0|0|0|0|0|0|0|0|0|0|0|0|0|0|0|0|0|0|0|0|0|0|0|0,6|0,6|0,6|0,6|0,6|0,6|0,6|0,6|
